MEMORY
  total           14520 KB
  struct            158 KB
  buffer             26 KB
  arena           14336 KB, used 0.2%

SIZES
  narena                14680064
  nbuffer               26176
  nplugin               0
  maxuse_stack          17560
  maxuse_arena          36396
  maxuse_con            8
  maxuse_efc            40
  ncon                  8
  ne                    6
  nf                    0
  nl                    2
  nefc                  40
  nJ                    720
  nY                    0
  nA                    0
  nisland               1
  nidof                 18
  ntree_awake           1
  nbody_awake           12
  nparent_awake         11
  nv_awake              18
  flg_energypos         0
  flg_energyvel         0
  flg_subtreevel        0
  flg_rnepost           1
  threadpool            0

TIMER
    0:  duration =  1.3e+04    number = 146914
    1:  duration =  1.2e+04    number = 146914
    2:  duration =  0          number = 0
    3:  duration =  5.4e+03    number = 146914
    4:  duration =  9.3e+02    number = 146914
    5:  duration =  2.4e+02    number = 146914
    6:  duration =  3.7e+03    number = 146914
    7:  duration =  8.5e+02    number = 146914
    8:  duration =  9.7e+02    number = 146914
    9:  duration =  6.7e+02    number = 146914
    10:  duration =  1.3e+03    number = 146914
    11:  duration =  2.4e+03    number = 146914
    12:  duration =  17         number = 146914
    13:  duration =  7.4e+02    number = 146914
    14:  duration =  4.9e+02    number = 146914

SOLVER STAT
  solver_fwdinv =   0         0       
  ISLAND 0
    solver_niter = 1
    solver_nnz = 324
      0:  improvement =  2.2e-25     gradient =  8.5e-16     lineslope =  0       
          nactive = 40   nchange = 0   neval = 2   nupdate = 0

ENERGY =   0         0       

TIME =  2.9e+02 

QPOS
  -2.4e-05 
   1.6e-18 
   0.87    
   1       
  -6.6e-19 
  -1.4e-05 
   9.2e-20 
   2.3e-18 
   8.1e-20 
  -0.00025 
  -1.3e-05 
  -8.8e-05 
   2.2e-18 
   2.2e-18 
  -4.8e-18 
  -0.00025 
  -1.3e-05 
  -8.8e-05 
   4.8e-18 

QVEL
   9.5e-11 
  -1.8e-17 
  -8.6e-13 
   2.3e-17 
   1.1e-10 
   2.2e-17 
  -3.5e-17 
   9.6e-17 
  -1.8e-09 
  -9.4e-12 
   1.7e-09 
  -1e-15   
   5.7e-18 
   3.4e-18 
  -1.8e-09 
  -9.4e-12 
   1.7e-09 
  -1.4e-18 

QACC_WARMSTART
  -2.5e-12 
  -6.8e-15 
   1.3e-13 
   7.3e-15 
  -3.9e-12 
  -9.6e-16 
   1.2e-14 
   5.3e-14 
   5.4e-11 
  -4.8e-13 
  -5.8e-11 
  -6.3e-13 
  -5.1e-15 
   1.3e-15 
   5.4e-11 
  -4.7e-13 
  -5.8e-11 
  -7.2e-16 

CTRL
   0       
   0       
   0       
   0       
   0       
   0       
   0       
   0       
   0       
   0       
   0       
   0       

QFRC_APPLIED
   0       
   0       
   0       
   0       
   0       
   0       
   0       
   0       
   0       
   0       
   0       
   0       
   0       
   0       
   0       
   0       
   0       
   0       

XFRC_APPLIED
   0         0         0         0         0         0       
   0         0         0         0         0         0       
   0         0         0         0         0         0       
   0         0         0         0         0         0       
   0         0         0         0         0         0       
   0         0         0         0         0         0       
   0         0         0         0         0         0       
   0         0         0         0         0         0       
   0         0         0         0         0         0       
   0         0         0         0         0         0       
   0         0         0         0         0         0       
   0         0         0         0         0         0       

EQ_ACTIVE             1

QACC
  -2.5e-12 
  -6.8e-15 
   1.3e-13 
   7.3e-15 
  -3.9e-12 
  -9.6e-16 
   1.2e-14 
   5.3e-14 
   5.4e-11 
  -4.8e-13 
  -5.8e-11 
  -6.3e-13 
  -5.1e-15 
   1.3e-15 
   5.4e-11 
  -4.7e-13 
  -5.8e-11 
  -7.2e-16 

SENSOR
   0.00027 
  -6.9e-15 
   9.8     
   9e-18   
   1.1e-10 
   1.5e-17 
   1       
  -6.9e-19 
  -1.4e-05 
   7e-20   
   0.0045  
   9e-19   
   0.78    
   1.5e+02 
   1.5e+02 

TREE_ASLEEP
  -11

XPOS
   0         0         0       
  -2.4e-05   1.6e-18   0.87    
  -2.6e-05   1.7e-18   0.95    
  -3.9e-05   2.3e-18   1.4     
  -3.5e-05   0.12      1.3     
  -3.5e-05  -0.12      1.3     
  -2.2e-05   0.1       0.79    
   7.8e-05   0.1       0.43    
   0.00018   0.1       0.07    
  -2.2e-05  -0.1       0.79    
   7.8e-05  -0.1       0.43    
   0.00018  -0.1       0.07    

XQUAT
   1         0         0         0       
   1        -6.9e-19  -1.4e-05   7e-20   
   1        -6.9e-19  -1.4e-05   7e-20   
   1        -6.9e-19  -1.4e-05   7e-20   
   1        -6.9e-19  -1.4e-05   7e-20   
   1        -6.9e-19  -1.4e-05   7e-20   
   1        -7.4e-19  -0.00014   1.3e-18 
   1        -7.4e-19  -0.00014   1.3e-18 
   1         1.4e-18  -0.00019   1.3e-18 
   1        -3.1e-18  -0.00014   1.2e-18 
   1        -3.1e-18  -0.00014   1.2e-18 
   1        -7e-19    -0.00019   1.2e-18 

XMAT
   1         0         0         0         1         0         0         0         1       
   1        -1.4e-19  -2.7e-05   1.4e-19   1         1.4e-18   2.7e-05  -1.4e-18   1       
   1        -1.4e-19  -2.7e-05   1.4e-19   1         1.4e-18   2.7e-05  -1.4e-18   1       
   1        -1.4e-19  -2.7e-05   1.4e-19   1         1.4e-18   2.7e-05  -1.4e-18   1       
   1        -1.4e-19  -2.7e-05   1.4e-19   1         1.4e-18   2.7e-05  -1.4e-18   1       
   1        -1.4e-19  -2.7e-05   1.4e-19   1         1.4e-18   2.7e-05  -1.4e-18   1       
   1        -2.6e-18  -0.00028   2.6e-18   1         1.5e-18   0.00028  -1.5e-18   1       
   1        -2.6e-18  -0.00029   2.6e-18   1         1.5e-18   0.00029  -1.5e-18   1       
   1        -2.6e-18  -0.00038   2.6e-18   1        -2.8e-18   0.00038   2.8e-18   1       
   1        -2.3e-18  -0.00028   2.4e-18   1         6.2e-18   0.00028  -6.2e-18   1       
   1        -2.3e-18  -0.00029   2.4e-18   1         6.2e-18   0.00029  -6.2e-18   1       
   1        -2.4e-18  -0.00038   2.4e-18   1         1.4e-18   0.00038  -1.4e-18   1       

XIPOS
   0         0         0       
  -2.4e-05   1.6e-18   0.87    
  -3.1e-05   2e-18     1.1     
  -3.9e-05   2.3e-18   1.4     
  -2.9e-05   0.12      1.1     
  -2.9e-05  -0.12      1.1     
   2.8e-05   0.1       0.61    
   0.00013   0.1       0.25    
   0.07      0.1       0.035   
   2.8e-05  -0.1       0.61    
   0.00013  -0.1       0.25    
   0.07     -0.1       0.035   

XIMAT
   1         0         0         0         1         0         0         0         1       
   1        -1.4e-19  -2.7e-05   1.4e-19   1         1.4e-18   2.7e-05  -1.4e-18   1       
   1         1.4e-19   2.7e-05   1.4e-19  -1        -1.2e-16   2.7e-05   1.2e-16  -1       
   1        -1.4e-19  -2.7e-05   1.4e-19   1         1.4e-18   2.7e-05  -1.4e-18   1       
   1        -1.4e-19  -2.7e-05   1.4e-19   1         1.4e-18   2.7e-05  -1.4e-18   1       
   1        -1.4e-19  -2.7e-05   1.4e-19   1         1.4e-18   2.7e-05  -1.4e-18   1       
   1        -2.6e-18  -0.00028   2.6e-18   1         1.5e-18   0.00028  -1.5e-18   1       
   1        -2.6e-18  -0.00029   2.6e-18   1         1.5e-18   0.00029  -1.5e-18   1       
   1        -2.6e-18  -0.00038   2.6e-18   1        -2.8e-18   0.00038   2.8e-18   1       
   1        -2.3e-18  -0.00028   2.4e-18   1         6.2e-18   0.00028  -6.2e-18   1       
   1        -2.3e-18  -0.00029   2.4e-18   1         6.2e-18   0.00029  -6.2e-18   1       
   1        -2.4e-18  -0.00038   2.4e-18   1         1.4e-18   0.00038  -1.4e-18   1       

XANCHOR
  -2.4e-05   1.6e-18   0.87    
  -2.2e-05   0.1       0.79    
  -2.2e-05   0.1       0.79    
  -2.2e-05   0.1       0.79    
   7.8e-05   0.1       0.43    
   0.00018   0.1       0.07    
   0.00018   0.1       0.07    
  -2.2e-05  -0.1       0.79    
  -2.2e-05  -0.1       0.79    
  -2.2e-05  -0.1       0.79    
   7.8e-05  -0.1       0.43    
   0.00018  -0.1       0.07    
   0.00018  -0.1       0.07    

XAXIS
   0         0         1       
  -2.7e-05   1.4e-18   1       
   1         2.6e-18   2.7e-05 
  -2.6e-18   1        -1.5e-18 
  -2.6e-18   1        -1.5e-18 
  -2.6e-18   1        -1.5e-18 
   1         2.6e-18   0.00038 
  -2.7e-05   1.4e-18   1       
   1         2.3e-18   2.7e-05 
  -2.3e-18   1        -6.2e-18 
  -2.3e-18   1        -6.2e-18 
  -2.3e-18   1        -6.2e-18 
   1         2.4e-18   0.00038 

GEOM_XPOS
   0         0         0       
  -2.4e-05   1.6e-18   0.87    
  -3.1e-05   2e-18     1.1     
  -3.9e-05   2.3e-18   1.4     
  -2.9e-05   0.12      1.1     
  -2.9e-05  -0.12      1.1     
   2.8e-05   0.1       0.61    
   0.00013   0.1       0.25    
   0.07      0.1       0.035   
   2.8e-05  -0.1       0.61    
   0.00013  -0.1       0.25    
   0.07     -0.1       0.035   

GEOM_XMAT
   1         0         0         0         1         0         0         0         1       
   1        -1.4e-19  -2.7e-05   1.4e-19   1         1.4e-18   2.7e-05  -1.4e-18   1       
   1         1.4e-19   2.7e-05   1.4e-19  -1        -1.2e-16   2.7e-05   1.2e-16  -1       
   1        -1.4e-19  -2.7e-05   1.4e-19   1         1.4e-18   2.7e-05  -1.4e-18   1       
   1        -1.4e-19  -2.7e-05   1.4e-19   1         1.4e-18   2.7e-05  -1.4e-18   1       
   1        -1.4e-19  -2.7e-05   1.4e-19   1         1.4e-18   2.7e-05  -1.4e-18   1       
   1        -2.6e-18  -0.00028   2.6e-18   1         1.5e-18   0.00028  -1.5e-18   1       
   1        -2.6e-18  -0.00029   2.6e-18   1         1.5e-18   0.00029  -1.5e-18   1       
   1        -2.6e-18  -0.00038   2.6e-18   1        -2.8e-18   0.00038   2.8e-18   1       
   1        -2.3e-18  -0.00028   2.4e-18   1         6.2e-18   0.00028  -6.2e-18   1       
   1        -2.3e-18  -0.00029   2.4e-18   1         6.2e-18   0.00029  -6.2e-18   1       
   1        -2.4e-18  -0.00038   2.4e-18   1         1.4e-18   0.00038  -1.4e-18   1       

SITE_XPOS
  -2.4e-05   1.6e-18   0.87    
   0.07      0.1       0.0029  
   0.07     -0.1       0.0029  

SITE_XMAT
   1        -1.4e-19  -2.7e-05   1.4e-19   1         1.4e-18   2.7e-05  -1.4e-18   1       
   1        -2.6e-18  -0.00038   2.6e-18   1        -2.8e-18   0.00038   2.8e-18   1       
   1        -2.4e-18  -0.00038   2.4e-18   1         1.4e-18   0.00038  -1.4e-18   1       

LIGHT_XPOS
   0         0         3       

LIGHT_XDIR
   0         0        -1       

SUBTREE_COM
   0.0045    9e-19     0.78    
   0.0045    9e-19     0.78    
  -3.2e-05   2.2e-18   1.2     
  -3.9e-05   2.3e-18   1.4     
  -2.9e-05   0.12      1.1     
  -2.9e-05  -0.12      1.1     
   0.01      0.1       0.39    
   0.02      0.1       0.19    
   0.07      0.1       0.035   
   0.01     -0.1       0.39    
   0.02     -0.1       0.19    
   0.07     -0.1       0.035   

CDOF
   0         0         0         1         0         0       
   0         0         0         0         1         0       
   0         0         0         0         0         1       
   1         1.4e-19   2.7e-05  -1.2e-20   0.088    -6.9e-19 
  -1.4e-19   1        -1.4e-18  -0.088    -1.9e-20  -0.0045  
  -2.7e-05   1.4e-18   1         5.7e-19   0.0045   -6.2e-21 
  -2.7e-05   1.4e-18   1         0.1       0.0045    2.7e-06 
   1         2.6e-18   2.7e-05   2.7e-06   0.0084   -0.1     
  -2.6e-18   1        -1.5e-18  -0.0084   -2.8e-20  -0.0045  
  -2.6e-18   1        -1.5e-18   0.35      8.9e-19  -0.0044  
  -2.6e-18   1        -1.5e-18   0.71      1.8e-18  -0.0043  
   1         2.6e-18   0.00038   3.8e-05  -0.71     -0.1     
  -2.7e-05   1.4e-18   1        -0.1       0.0045   -2.7e-06 
   1         2.3e-18   2.7e-05  -2.7e-06   0.0084    0.1     
  -2.3e-18   1        -6.2e-18  -0.0084   -4.8e-20  -0.0045  
  -2.3e-18   1        -6.2e-18   0.35      8e-19    -0.0044  
  -2.3e-18   1        -6.2e-18   0.71      1.6e-18  -0.0043  
   1         2.4e-18   0.00038  -3.8e-05  -0.71      0.1     

CINERT
   0         0         0         0         0         0         0         0         0         0       
   0.076     0.089     0.045     1.7e-20   0.0024   -3.6e-19  -0.027     4.2e-18   0.53      6       
   1.4       1.4       0.035     4.4e-20   0.015    -2.5e-17  -0.041     9.6e-18   3.2       9       
   1         1         0.0091    1.6e-20   0.0072   -2.3e-18  -0.011     3.6e-18   1.6       2.5     
   0.2       0.17      0.027     0.00098   0.0023   -0.06     -0.0082    0.22      0.5       1.8     
   0.2       0.17      0.027    -0.00098   0.0023    0.06     -0.0082   -0.22      0.5       1.8     
   0.22      0.18      0.046     0.0018   -0.0031    0.069    -0.018     0.4      -0.69      4       
   0.92      0.89      0.033     0.0013   -0.007     0.16     -0.013     0.3      -1.6       3       
   0.68      0.68      0.025    -0.0079    0.059     0.09      0.079     0.12     -0.9       1.2     
   0.22      0.18      0.046    -0.0018   -0.0031   -0.069    -0.018    -0.4      -0.69      4       
   0.92      0.89      0.033    -0.0013   -0.007    -0.16     -0.013    -0.3      -1.6       3       
   0.68      0.68      0.025     0.0079    0.059    -0.09      0.079    -0.12     -0.9       1.2     

ACTUATOR_LENGTH
   2.4e-18 
  -1.1e-19 
  -0.00025 
  -1.3e-05 
  -8.8e-05 
   4.3e-18 
   2.2e-18 
  -4.8e-18 
  -0.00025 
  -1.3e-05 
  -8.8e-05 
   4.8e-18 

actuator_moment
--------------------
       x            |
        x           |
         x          |
          x         |
           x        |
            x       |
             x      |
              x     |
               x    |
                x   |
                 x  |
                  x |
--------------------

ACTUATOR_MOMENT
     6:  1       
     7:  1       
     8:  1       
     9:  1       
    10:  1       
    11:  1       
    12:  1       
    13:  1       
    14:  1       
    15:  1       
    16:  1       
    17:  1       

CRB
   0         0         0         0         0         0         0         0         0         0       
   6.5       6.3       0.35      1.6e-20   0.13     -3e-17     2.8e-17   3.6e-18   8.9e-16   38      
   2.8       2.7       0.098     1.6e-20   0.026    -3e-17    -0.068     3.6e-18   5.8       15      
   1         1         0.0091    1.6e-20   0.0072   -2.3e-18  -0.011     3.6e-18   1.6       2.5     
   0.2       0.17      0.027     0.00098   0.0023   -0.06     -0.0082    0.22      0.5       1.8     
   0.2       0.17      0.027    -0.00098   0.0023    0.06     -0.0082   -0.22      0.5       1.8     
   1.8       1.8       0.1      -0.0048    0.049     0.32      0.048     0.82     -3.2       8.2     
   1.6       1.6       0.059    -0.0066    0.052     0.25      0.066     0.42     -2.5       4.2     
   0.68      0.68      0.025    -0.0079    0.059     0.09      0.079     0.12     -0.9       1.2     
   1.8       1.8       0.1       0.0048    0.049    -0.32      0.048    -0.82     -3.2       8.2     
   1.6       1.6       0.059     0.0066    0.052    -0.25      0.066    -0.42     -2.5       4.2     
   0.68      0.68      0.025     0.0079    0.059    -0.09      0.079    -0.12     -0.9       1.2     

QM
   38      
   0         38      
   0         0         38      
  -4.6e-19   3.3      -2.2e-17   6.8     
  -3.3      -7e-19    -0.17     -1e-19     6.6     
   1.8e-17   0.17     -2.3e-19   0.14     -2.3e-17   0.35    
   0         0.085    -1.2e-19   0.071     2.7e-17   0.023     0.043   
  -8.3e-18   3.2       0         2.1       4.7e-18   0.064     0.064     1.8     
  -3.2      -8.4e-18  -0.085    -0.0085    2.1       0.32      3.2e-17   0         1.8     
  -1        -2.7e-18  -0.084    -0.0084    0.79      0.1      -2.1e-17   3.5e-18   0.71      0.36    
  -0.042    -2.3e-19  -0.084    -0.0084    0.048     0.0042    5.2e-18   1.7e-18   0.045     0.03      0.035   
  -1e-19     0.042    -1.4e-17   0.037     6.3e-20   0.0029    0.0029    0.034    -2.7e-20  -2.6e-20  -2.5e-20   0.023   
   0         0.085    -1.1e-19   0.071     2.8e-17   0.023                                                                 0.043   
  -7.6e-18   3.2       0         2.1       4.6e-18   0.064                                                                 0.064     1.8     
  -3.2      -8.1e-18  -0.085     0.0085    2.1      -0.32                                                                 -3.2e-17   0         1.8     
  -1        -2.9e-18  -0.084     0.0084    0.79     -0.1                                                                   2.1e-17  -3.5e-18   0.71      0.36    
  -0.042    -6.2e-19  -0.084     0.0084    0.048    -0.0042                                                               -5.2e-18  -1.7e-18   0.045     0.03      0.035   
  -9.5e-20   0.042     1.4e-17   0.037    -6.4e-20   0.0029                                                                0.0029    0.034    -1.6e-19  -1.6e-19  -1.5e-19   0.023   

M
     0:  38      
     0:  0          1:  38      
     0:  0          1:  0          2:  38      
     0: -4.6e-19    1:  3.3        2: -2.2e-17    3:  6.8     
     0: -3.3        1: -7e-19      2: -0.17       3: -1e-19      4:  6.6     
     0:  1.8e-17    1:  0.17       2: -2.3e-19    3:  0.14       4: -2.3e-17    5:  0.35    
     0:  0          1:  0.085      2: -1.2e-19    3:  0.071      4:  2.7e-17    5:  0.023      6:  0.043   
     0: -8.3e-18    1:  3.2        2:  0          3:  2.1        4:  4.7e-18    5:  0.064      6:  0.064      7:  1.8     
     0: -3.2        1: -8.4e-18    2: -0.085      3: -0.0085     4:  2.1        5:  0.32       6:  3.2e-17    7:  0          8:  1.8     
     0: -1          1: -2.7e-18    2: -0.084      3: -0.0084     4:  0.79       5:  0.1        6: -2.1e-17    7:  3.5e-18    8:  0.71       9:  0.36    
     0: -0.042      1: -2.3e-19    2: -0.084      3: -0.0084     4:  0.048      5:  0.0042     6:  5.2e-18    7:  1.7e-18    8:  0.045      9:  0.03      10:  0.035   
     0: -1e-19      1:  0.042      2: -1.4e-17    3:  0.037      4:  6.3e-20    5:  0.0029     6:  0.0029     7:  0.034      8: -2.7e-20    9: -2.6e-20   10: -2.5e-20   11:  0.023   
     0:  0          1:  0.085      2: -1.1e-19    3:  0.071      4:  2.8e-17    5:  0.023     12:  0.043   
     0: -7.6e-18    1:  3.2        2:  0          3:  2.1        4:  4.6e-18    5:  0.064     12:  0.064     13:  1.8     
     0: -3.2        1: -8.1e-18    2: -0.085      3:  0.0085     4:  2.1        5: -0.32      12: -3.2e-17   13:  0         14:  1.8     
     0: -1          1: -2.9e-18    2: -0.084      3:  0.0084     4:  0.79       5: -0.1       12:  2.1e-17   13: -3.5e-18   14:  0.71      15:  0.36    
     0: -0.042      1: -6.2e-19    2: -0.084      3:  0.0084     4:  0.048      5: -0.0042    12: -5.2e-18   13: -1.7e-18   14:  0.045     15:  0.03      16:  0.035   
     0: -9.5e-20    1:  0.042      2:  1.4e-17    3:  0.037      4: -6.4e-20    5:  0.0029    12:  0.0029    13:  0.034     14: -1.6e-19   15: -1.6e-19   16: -1.5e-19   17:  0.023   

QLD
     0:  16      
     0: -2.8e-18    1:  18      
     0: -0.00041    1: -1.2e-18    2:  37      
     0:  1.3e-18    1: -1.9        2: -1.1e-17    3:  2.1     
     0:  2.1        1:  1.3e-17    2:  0.0025     3: -4.6e-19    4:  1.9     
     0: -9e-17      1: -0.14       2:  2e-18      3: -0.0073     4: -5.2e-16    5:  0.2     
     0:  3.6e-15    1: -0.67       2:  1.1e-16    3: -0.037      4: -3.2e-16    5:  0.51       6:  0.041   
     0: -9.9e-18    1:  1.8        2:  1.4e-17    3:  1.1        4:  2.8e-18    5:  0.034      6:  0.034      7:  1.8     
     0: -2.8        1: -7.1e-18    2:  0.11       3:  0.011      4:  1.2        5:  0.28       6:  1.7e-16    7: -1.4e-17    8:  0.45    
     0: -2.9        1: -7.4e-18    2: -0.036      3: -0.0036     4:  2.2        5:  0.29       6: -7.6e-17    7:  5.9e-18    8:  2          9:  0.34    
     0: -1.2        1: -5.4e-18    2: -2.4        3: -0.24       4:  1.4        5:  0.12       6:  1.5e-16    7:  5.1e-17    8:  1.3        9:  0.86      10:  0.035   
     0: -4.3e-18    1:  1.8        2: -5.9e-16    3:  1.6        4:  2.7e-18    5:  0.13       6:  0.13       7:  1.4        8: -1.1e-18    9: -1.1e-18   10: -1.1e-18   11:  0.023   
     0: -3.6e-15    1: -0.67       2: -1.1e-16    3: -0.037      4:  1.7e-15    5:  0.51      12:  0.041   
     0:  1.1e-18    1:  1.8        2: -1.4e-17    3:  1.1        4:  2.3e-18    5:  0.034     12:  0.034     13:  1.8     
     0: -2.8        1: -6.3e-18    2:  0.11       3: -0.011      4:  1.2        5: -0.28      12: -1.7e-16   13:  1.3e-17   14:  0.45    
     0: -2.9        1: -6.9e-18    2: -0.036      3:  0.0036     4:  2.2        5: -0.29      12:  7.6e-17   13: -5.7e-18   14:  2         15:  0.34    
     0: -1.2        1: -9.9e-18    2: -2.4        3:  0.24       4:  1.4        5: -0.12      12: -1.5e-16   13: -4.4e-17   14:  1.3       15:  0.86      16:  0.035   
     0: -4.1e-18    1:  1.8        2:  5.9e-16    3:  1.6        4: -2.7e-18    5:  0.13      12:  0.13      13:  1.4       14: -6.8e-18   15: -6.7e-18   16: -6.6e-18   17:  0.023   

QLDIAGINV
   0.062   
   0.055   
   0.027   
   0.47    
   0.51    
   5       
   25      
   0.56    
   2.2     
   3       
   29      
   43      
   25      
   0.56    
   2.2     
   3       
   29      
   43      

M: inertia structure
--------------------
 x                  |
 xx                 |
 xxx                |
 xxxx               |
 xxxxx              |
 xxxxxx             |
 xxxxxxx            |
 xxxxxxxx           |
 xxxxxxxxx          |
 xxxxxxxxxx         |
 xxxxxxxxxxx        |
 xxxxxxxxxxxx       |
 xxxxxx      x      |
 xxxxxx      xx     |
 xxxxxx      xxx    |
 xxxxxx      xxxx   |
 xxxxxx      xxxxx  |
 xxxxxx      xxxxxx |
--------------------

iM: block-diagonal inertia (nnzs are island ids)
--------------------
 0                  |
 00                 |
 000                |
 0000               |
 00000              |
 000000             |
 0000000            |
 00000000           |
 000000000          |
 0000000000         |
 00000000000        |
 000000000000       |
 000000      0      |
 000000      00     |
 000000      000    |
 000000      0000   |
 000000      00000  |
 000000      000000 |
--------------------

QH
     0:  17      
     0: -3.3e-18    1:  18      
     0: -0.00097    1: -1.2e-18    2:  37      
     0: -2.8e-18    1: -1.9        2: -1.1e-17    3:  2.2     
     0:  2.1        1:  1.3e-17    2:  0.0038     3:  1.2e-18    4:  2       
     0:  2.5e-16    1: -0.15       2:  1.7e-18    3: -0.0062     4: -2.5e-16    5:  0.2     
     0:  2.9e-15    1: -0.59       2:  3.4e-17    3: -0.028      4: -2.5e-16    5:  0.44       6:  0.047   
     0: -9.4e-18    1:  1.8        2:  1.1e-17    3:  1.1        4:  2.8e-18    5:  0.034      6:  0.034      7:  1.8     
     0: -2.7        1: -6.8e-18    2:  0.11       3:  0.011      4:  1.2        5:  0.27       6:  1.6e-16    7: -1.3e-17    8:  0.48    
     0: -2.8        1: -7.3e-18    2: -0.065      3: -0.0065     4:  2.2        5:  0.28       6: -7.2e-17    7:  6.3e-18    8:  1.9        9:  0.35    
     0: -1          1: -4.8e-18    2: -2.1        3: -0.21       4:  1.2        5:  0.1        6:  1.3e-16    7:  4.3e-17    8:  1.1        9:  0.73      10:  0.041   
     0: -3.5e-18    1:  1.4        2: -4.7e-16    3:  1.3        4:  2.1e-18    5:  0.1        6:  0.1        7:  1.1        8: -9.1e-19    9: -8.9e-19   10: -8.6e-19   11:  0.029   
     0: -2.9e-15    1: -0.59       2: -3.8e-17    3: -0.028      4:  1.4e-15    5:  0.44      12:  0.047   
     0:  6.8e-19    1:  1.8        2: -1.1e-17    3:  1.1        4:  2.3e-18    5:  0.034     12:  0.034     13:  1.8     
     0: -2.7        1: -6e-18      2:  0.11       3: -0.011      4:  1.2        5: -0.27      12: -1.6e-16   13:  1.3e-17   14:  0.48    
     0: -2.8        1: -6.9e-18    2: -0.065      3:  0.0065     4:  2.2        5: -0.28      12:  7.2e-17   13: -6.2e-18   14:  1.9       15:  0.35    
     0: -1          1: -9.8e-18    2: -2.1        3:  0.21       4:  1.2        5: -0.1       12: -1.3e-16   13: -3.8e-17   14:  1.1       15:  0.73      16:  0.041   
     0: -3.2e-18    1:  1.4        2:  4.7e-16    3:  1.3        4: -2.2e-18    5:  0.1       12:  0.1       13:  1.1       14: -5.4e-18   15: -5.3e-18   16: -5.2e-18   17:  0.029   

QHDIAGINV
   0.06    
   0.054   
   0.027   
   0.46    
   0.51    
   4.9     
   21      
   0.56    
   2.1     
   2.9     
   25      
   34      
   21      
   0.56    
   2.1     
   2.9     
   25      
   34      

TREE_AWAKE
  1

BODY_AWAKE
  -1 1 1 1 1 1 1 1 1 1 1 1

BODY_AWAKE_IND
  0 1 2 3 4 5 6 7 8 9 10 11

PARENT_AWAKE_IND
  1 2 3 4 5 6 7 8 9 10 11

DOF_AWAKE_IND
  0 1 2 3 4 5 6 7 8 9 10 11 12 13 14 15 16 17

QDERIV
     0:  0          1:  0          2:  0          3:  0          4:  0          5:  0          6:  0          7:  0          8:  0          9:  0         10:  0         11:  0         12:  0         13:  0         14:  0         15:  0         16:  0         17:  0       
     0:  0          1:  0          2:  0          3:  0          4:  0          5:  0          6:  0          7:  0          8:  0          9:  0         10:  0         11:  0         12:  0         13:  0         14:  0         15:  0         16:  0         17:  0       
     0:  0          1:  0          2:  0          3:  0          4:  0          5:  0          6:  0          7:  0          8:  0          9:  0         10:  0         11:  0         12:  0         13:  0         14:  0         15:  0         16:  0         17:  0       
     0:  0          1:  0          2:  0          3:  0          4:  0          5:  0          6:  0          7:  0          8:  0          9:  0         10:  0         11:  0         12:  0         13:  0         14:  0         15:  0         16:  0         17:  0       
     0:  0          1:  0          2:  0          3:  0          4:  0          5:  0          6:  0          7:  0          8:  0          9:  0         10:  0         11:  0         12:  0         13:  0         14:  0         15:  0         16:  0         17:  0       
     0:  0          1:  0          2:  0          3:  0          4:  0          5:  0          6:  0          7:  0          8:  0          9:  0         10:  0         11:  0         12:  0         13:  0         14:  0         15:  0         16:  0         17:  0       
     0:  0          1:  0          2:  0          3:  0          4:  0          5:  0          6: -3          7:  0          8:  0          9:  0         10:  0         11:  0       
     0:  0          1:  0          2:  0          3:  0          4:  0          5:  0          6:  0          7: -3          8:  0          9:  0         10:  0         11:  0       
     0:  0          1:  0          2:  0          3:  0          4:  0          5:  0          6:  0          7:  0          8: -3          9:  0         10:  0         11:  0       
     0:  0          1:  0          2:  0          3:  0          4:  0          5:  0          6:  0          7:  0          8:  0          9: -3         10:  0         11:  0       
     0:  0          1:  0          2:  0          3:  0          4:  0          5:  0          6:  0          7:  0          8:  0          9:  0         10: -3         11:  0       
     0:  0          1:  0          2:  0          3:  0          4:  0          5:  0          6:  0          7:  0          8:  0          9:  0         10:  0         11: -3       
     0:  0          1:  0          2:  0          3:  0          4:  0          5:  0         12: -3         13:  0         14:  0         15:  0         16:  0         17:  0       
     0:  0          1:  0          2:  0          3:  0          4:  0          5:  0         12:  0         13: -3         14:  0         15:  0         16:  0         17:  0       
     0:  0          1:  0          2:  0          3:  0          4:  0          5:  0         12:  0         13:  0         14: -3         15:  0         16:  0         17:  0       
     0:  0          1:  0          2:  0          3:  0          4:  0          5:  0         12:  0         13:  0         14:  0         15: -3         16:  0         17:  0       
     0:  0          1:  0          2:  0          3:  0          4:  0          5:  0         12:  0         13:  0         14:  0         15:  0         16: -3         17:  0       
     0:  0          1:  0          2:  0          3:  0          4:  0          5:  0         12:  0         13:  0         14:  0         15:  0         16:  0         17: -3       

CONTACT
  0:
     dim           3
     geoms         floor : left_foot_geom
     exclude       0
     efc_address   8
     solref         0.01      1       
     solimp         0.9       0.95      0.001     0.5       2       
     dist          -0.00015 
     includemargin  0       
     pos           -0.06      0.04     -7.5e-05 
     frame          0         0         1         0         1         0        -1         0         0       
     friction       0.9       0.9       0.005     0.0001    0.0001  
     mu             0.9     
     force          57        3.7e-14   4.3e-06   0         0         0       
  1:
     dim           3
     geoms         floor : left_foot_geom
     exclude       0
     efc_address   12
     solref         0.01      1       
     solimp         0.9       0.95      0.001     0.5       2       
     dist          -5.1e-05 
     includemargin  0       
     pos            0.2       0.04     -2.6e-05 
     frame          0         0         1         0         1         0        -1         0         0       
     friction       0.9       0.9       0.005     0.0001    0.0001  
     mu             0.9     
     force          19        1.9e-14   4.2e-06   0         0         0       
  2:
     dim           3
     geoms         floor : left_foot_geom
     exclude       0
     efc_address   16
     solref         0.01      1       
     solimp         0.9       0.95      0.001     0.5       2       
     dist          -0.00015 
     includemargin  0       
     pos           -0.06      0.16     -7.5e-05 
     frame          0         0         1         0         1         0        -1         0         0       
     friction       0.9       0.9       0.005     0.0001    0.0001  
     mu             0.9     
     force          57        3.7e-14   4.3e-06   0         0         0       
  3:
     dim           3
     geoms         floor : left_foot_geom
     exclude       0
     efc_address   20
     solref         0.01      1       
     solimp         0.9       0.95      0.001     0.5       2       
     dist          -5.1e-05 
     includemargin  0       
     pos            0.2       0.16     -2.6e-05 
     frame          0         0         1         0         1         0        -1         0         0       
     friction       0.9       0.9       0.005     0.0001    0.0001  
     mu             0.9     
     force          19        1.8e-14   4.2e-06   0         0         0       
  4:
     dim           3
     geoms         floor : right_foot_geom
     exclude       0
     efc_address   24
     solref         0.01      1       
     solimp         0.9       0.95      0.001     0.5       2       
     dist          -0.00015 
     includemargin  0       
     pos           -0.06     -0.16     -7.5e-05 
     frame          0         0         1         0         1         0        -1         0         0       
     friction       0.9       0.9       0.005     0.0001    0.0001  
     mu             0.9     
     force          57       -4.8e-15   4.3e-06   0         0         0       
  5:
     dim           3
     geoms         floor : right_foot_geom
     exclude       0
     efc_address   28
     solref         0.01      1       
     solimp         0.9       0.95      0.001     0.5       2       
     dist          -5.1e-05 
     includemargin  0       
     pos            0.2      -0.16     -2.6e-05 
     frame          0         0         1         0         1         0        -1         0         0       
     friction       0.9       0.9       0.005     0.0001    0.0001  
     mu             0.9     
     force          19       -8e-16     4.2e-06   0         0         0       
  6:
     dim           3
     geoms         floor : right_foot_geom
     exclude       0
     efc_address   32
     solref         0.01      1       
     solimp         0.9       0.95      0.001     0.5       2       
     dist          -0.00015 
     includemargin  0       
     pos           -0.06     -0.04     -7.5e-05 
     frame          0         0         1         0         1         0        -1         0         0       
     friction       0.9       0.9       0.005     0.0001    0.0001  
     mu             0.9     
     force          57        0         4.3e-06   0         0         0       
  7:
     dim           3
     geoms         floor : right_foot_geom
     exclude       0
     efc_address   36
     solref         0.01      1       
     solimp         0.9       0.95      0.001     0.5       2       
     dist          -5.1e-05 
     includemargin  0       
     pos            0.2      -0.04     -2.6e-05 
     frame          0         0         1         0         1         0        -1         0         0       
     friction       0.9       0.9       0.005     0.0001    0.0001  
     mu             0.9     
     force          19        0         4.2e-06   0         0         0       

EFC_TYPE
  0
  0
  0
  0
  0
  0
  3
  3
  6
  6
  6
  6
  6
  6
  6
  6
  6
  6
  6
  6
  6
  6
  6
  6
  6
  6
  6
  6
  6
  6
  6
  6
  6
  6
  6
  6
  6
  6
  6
  6

EFC_ID
  0
  0
  0
  0
  0
  0
  4
  10
  0
  0
  0
  0
  1
  1
  1
  1
  2
  2
  2
  2
  3
  3
  3
  3
  4
  4
  4
  4
  5
  5
  5
  5
  6
  6
  6
  6
  7
  7
  7
  7

EFC_J
   1         0         0        -1.2e-19  -0.87      0         0         0         0         0         0         0         0         0         0         0         0         0       
   0         1         0         0.87     -1.2e-19   0         0         0         0         0         0         0         0         0         0         0         0         0       
   0         0         1        -1.2e-18  -2.4e-05   0         0         0         0         0         0         0         0         0         0         0         0         0       
   0         0         0         0.5      -3.5e-20  -6.8e-06   0         0         0         0         0         0         0         0         0         0         0         0       
   0         0         0         3.5e-20   0.5       3.4e-19   0         0         0         0         0         0         0         0         0         0         0         0       
   0         0         0         6.8e-06  -3.4e-19   0.5       0         0         0         0         0         0         0         0         0         0         0         0       
   0         0         0         0         0         0         0         0         0         1         0         0         0         0         0         0         0         0       
   0         0         0         0         0         0         0         0         0         0         0         0         0         0         0         1         0         0       
   0         0.9       1         0.82      0.06     -0.054    -0.054     0.65      0.06      0.06      0.06      0.0029    0         0         0         0         0         0       
   0        -0.9       1        -0.74      0.06      0.054     0.054    -0.77      0.06      0.06      0.06     -0.12      0         0         0         0         0         0       
  -0.9       0         1         0.04      0.84      0.036    -0.054    -0.06      0.77      0.45      0.12     -0.06      0         0         0         0         0         0       
   0.9       0         1         0.04     -0.72     -0.036     0.054    -0.06     -0.65     -0.33     -0.003    -0.06      0         0         0         0         0         0       
   0         0.9       1         0.82     -0.2       0.18      0.18      0.65     -0.2      -0.2      -0.2       0.003     0         0         0         0         0         0       
   0        -0.9       1        -0.74     -0.2      -0.18     -0.18     -0.77     -0.2      -0.2      -0.2      -0.12      0         0         0         0         0         0       
  -0.9       0         1         0.04      0.58      0.036    -0.054    -0.06      0.51      0.19     -0.14     -0.06      0         0         0         0         0         0       
   0.9       0         1         0.04     -0.98     -0.036     0.054    -0.06     -0.91     -0.59     -0.26     -0.06      0         0         0         0         0         0       
   0         0.9       1         0.94      0.06     -0.054    -0.054     0.77      0.06      0.06      0.06      0.12      0         0         0         0         0         0       
   0        -0.9       1        -0.62      0.06      0.054     0.054    -0.65      0.06      0.06      0.06     -0.0029    0         0         0         0         0         0       
  -0.9       0         1         0.16      0.84      0.14      0.054     0.06      0.77      0.45      0.12      0.06      0         0         0         0         0         0       
   0.9       0         1         0.16     -0.72     -0.14     -0.054     0.06     -0.65     -0.33     -0.003     0.06      0         0         0         0         0         0       
   0         0.9       1         0.94     -0.2       0.18      0.18      0.77     -0.2      -0.2      -0.2       0.12      0         0         0         0         0         0       
   0        -0.9       1        -0.62     -0.2      -0.18     -0.18     -0.65     -0.2      -0.2      -0.2      -0.003     0         0         0         0         0         0       
  -0.9       0         1         0.16      0.58      0.14      0.054     0.06      0.51      0.19     -0.14      0.06      0         0         0         0         0         0       
   0.9       0         1         0.16     -0.98     -0.14     -0.054     0.06     -0.91     -0.59     -0.26      0.06      0         0         0         0         0         0       
   0         0.9       1         0.62      0.06     -0.054     0         0         0         0         0         0        -0.054     0.65      0.06      0.06      0.06      0.0029  
   0        -0.9       1        -0.94      0.06      0.054     0         0         0         0         0         0         0.054    -0.77      0.06      0.06      0.06     -0.12    
  -0.9       0         1        -0.16      0.84     -0.14      0         0         0         0         0         0        -0.054    -0.06      0.77      0.45      0.12     -0.06    
   0.9       0         1        -0.16     -0.72      0.14      0         0         0         0         0         0         0.054    -0.06     -0.65     -0.33     -0.003    -0.06    
   0         0.9       1         0.62     -0.2       0.18      0         0         0         0         0         0         0.18      0.65     -0.2      -0.2      -0.2       0.003   
   0        -0.9       1        -0.94     -0.2      -0.18      0         0         0         0         0         0        -0.18     -0.77     -0.2      -0.2      -0.2      -0.12    
  -0.9       0         1        -0.16      0.58     -0.14      0         0         0         0         0         0        -0.054    -0.06      0.51      0.19     -0.14     -0.06    
   0.9       0         1        -0.16     -0.98      0.14      0         0         0         0         0         0         0.054    -0.06     -0.91     -0.59     -0.26     -0.06    
   0         0.9       1         0.74      0.06     -0.054     0         0         0         0         0         0        -0.054     0.77      0.06      0.06      0.06      0.12    
   0        -0.9       1        -0.82      0.06      0.054     0         0         0         0         0         0         0.054    -0.65      0.06      0.06      0.06     -0.0029  
  -0.9       0         1        -0.04      0.84     -0.036     0         0         0         0         0         0         0.054     0.06      0.77      0.45      0.12      0.06    
   0.9       0         1        -0.04     -0.72      0.036     0         0         0         0         0         0        -0.054     0.06     -0.65     -0.33     -0.003     0.06    
   0         0.9       1         0.74     -0.2       0.18      0         0         0         0         0         0         0.18      0.77     -0.2      -0.2      -0.2       0.12    
   0        -0.9       1        -0.82     -0.2      -0.18      0         0         0         0         0         0        -0.18     -0.65     -0.2      -0.2      -0.2      -0.003   
  -0.9       0         1        -0.04      0.58     -0.036     0         0         0         0         0         0         0.054     0.06      0.51      0.19     -0.14      0.06    
   0.9       0         1        -0.04     -0.98      0.036     0         0         0         0         0         0        -0.054     0.06     -0.91     -0.59     -0.26      0.06    

IEFC_J
   1         0         0        -1.2e-19  -0.87      0         0         0         0         0         0         0         0         0         0         0         0         0       
   0         1         0         0.87     -1.2e-19   0         0         0         0         0         0         0         0         0         0         0         0         0       
   0         0         1        -1.2e-18  -2.4e-05   0         0         0         0         0         0         0         0         0         0         0         0         0       
   0         0         0         0.5      -3.5e-20  -6.8e-06   0         0         0         0         0         0         0         0         0         0         0         0       
   0         0         0         3.5e-20   0.5       3.4e-19   0         0         0         0         0         0         0         0         0         0         0         0       
   0         0         0         6.8e-06  -3.4e-19   0.5       0         0         0         0         0         0         0         0         0         0         0         0       
   0         0         0         0         0         0         0         0         0         1         0         0         0         0         0         0         0         0       
   0         0         0         0         0         0         0         0         0         0         0         0         0         0         0         1         0         0       
   0         0.9       1         0.82      0.06     -0.054    -0.054     0.65      0.06      0.06      0.06      0.0029    0         0         0         0         0         0       
   0        -0.9       1        -0.74      0.06      0.054     0.054    -0.77      0.06      0.06      0.06     -0.12      0         0         0         0         0         0       
  -0.9       0         1         0.04      0.84      0.036    -0.054    -0.06      0.77      0.45      0.12     -0.06      0         0         0         0         0         0       
   0.9       0         1         0.04     -0.72     -0.036     0.054    -0.06     -0.65     -0.33     -0.003    -0.06      0         0         0         0         0         0       
   0         0.9       1         0.82     -0.2       0.18      0.18      0.65     -0.2      -0.2      -0.2       0.003     0         0         0         0         0         0       
   0        -0.9       1        -0.74     -0.2      -0.18     -0.18     -0.77     -0.2      -0.2      -0.2      -0.12      0         0         0         0         0         0       
  -0.9       0         1         0.04      0.58      0.036    -0.054    -0.06      0.51      0.19     -0.14     -0.06      0         0         0         0         0         0       
   0.9       0         1         0.04     -0.98     -0.036     0.054    -0.06     -0.91     -0.59     -0.26     -0.06      0         0         0         0         0         0       
   0         0.9       1         0.94      0.06     -0.054    -0.054     0.77      0.06      0.06      0.06      0.12      0         0         0         0         0         0       
   0        -0.9       1        -0.62      0.06      0.054     0.054    -0.65      0.06      0.06      0.06     -0.0029    0         0         0         0         0         0       
  -0.9       0         1         0.16      0.84      0.14      0.054     0.06      0.77      0.45      0.12      0.06      0         0         0         0         0         0       
   0.9       0         1         0.16     -0.72     -0.14     -0.054     0.06     -0.65     -0.33     -0.003     0.06      0         0         0         0         0         0       
   0         0.9       1         0.94     -0.2       0.18      0.18      0.77     -0.2      -0.2      -0.2       0.12      0         0         0         0         0         0       
   0        -0.9       1        -0.62     -0.2      -0.18     -0.18     -0.65     -0.2      -0.2      -0.2      -0.003     0         0         0         0         0         0       
  -0.9       0         1         0.16      0.58      0.14      0.054     0.06      0.51      0.19     -0.14      0.06      0         0         0         0         0         0       
   0.9       0         1         0.16     -0.98     -0.14     -0.054     0.06     -0.91     -0.59     -0.26      0.06      0         0         0         0         0         0       
   0         0.9       1         0.62      0.06     -0.054     0         0         0         0         0         0        -0.054     0.65      0.06      0.06      0.06      0.0029  
   0        -0.9       1        -0.94      0.06      0.054     0         0         0         0         0         0         0.054    -0.77      0.06      0.06      0.06     -0.12    
  -0.9       0         1        -0.16      0.84     -0.14      0         0         0         0         0         0        -0.054    -0.06      0.77      0.45      0.12     -0.06    
   0.9       0         1        -0.16     -0.72      0.14      0         0         0         0         0         0         0.054    -0.06     -0.65     -0.33     -0.003    -0.06    
   0         0.9       1         0.62     -0.2       0.18      0         0         0         0         0         0         0.18      0.65     -0.2      -0.2      -0.2       0.003   
   0        -0.9       1        -0.94     -0.2      -0.18      0         0         0         0         0         0        -0.18     -0.77     -0.2      -0.2      -0.2      -0.12    
  -0.9       0         1        -0.16      0.58     -0.14      0         0         0         0         0         0        -0.054    -0.06      0.51      0.19     -0.14     -0.06    
   0.9       0         1        -0.16     -0.98      0.14      0         0         0         0         0         0         0.054    -0.06     -0.91     -0.59     -0.26     -0.06    
   0         0.9       1         0.74      0.06     -0.054     0         0         0         0         0         0        -0.054     0.77      0.06      0.06      0.06      0.12    
   0        -0.9       1        -0.82      0.06      0.054     0         0         0         0         0         0         0.054    -0.65      0.06      0.06      0.06     -0.0029  
  -0.9       0         1        -0.04      0.84     -0.036     0         0         0         0         0         0         0.054     0.06      0.77      0.45      0.12      0.06    
   0.9       0         1        -0.04     -0.72      0.036     0         0         0         0         0         0        -0.054     0.06     -0.65     -0.33     -0.003     0.06    
   0         0.9       1         0.74     -0.2       0.18      0         0         0         0         0         0         0.18      0.77     -0.2      -0.2      -0.2       0.12    
   0        -0.9       1        -0.82     -0.2      -0.18      0         0         0         0         0         0        -0.18     -0.65     -0.2      -0.2      -0.2      -0.003   
  -0.9       0         1        -0.04      0.58     -0.036     0         0         0         0         0         0         0.054     0.06      0.51      0.19     -0.14      0.06    
   0.9       0         1        -0.04     -0.98      0.036     0         0         0         0         0         0        -0.054     0.06     -0.91     -0.59     -0.26      0.06    

EFC_POS
  -7.1e-11 
   4e-19   
  -0.00013 
  -6.9e-19 
  -1.4e-05 
   7e-20   
  -1.3e-05 
  -1.3e-05 
  -0.00015 
  -0.00015 
  -0.00015 
  -0.00015 
  -5.1e-05 
  -5.1e-05 
  -5.1e-05 
  -5.1e-05 
  -0.00015 
  -0.00015 
  -0.00015 
  -0.00015 
  -5.1e-05 
  -5.1e-05 
  -5.1e-05 
  -5.1e-05 
  -0.00015 
  -0.00015 
  -0.00015 
  -0.00015 
  -5.1e-05 
  -5.1e-05 
  -5.1e-05 
  -5.1e-05 
  -0.00015 
  -0.00015 
  -0.00015 
  -0.00015 
  -5.1e-05 
  -5.1e-05 
  -5.1e-05 
  -5.1e-05 

EFC_MARGIN
   0       
   0       
   0       
   0       
   0       
   0       
   0       
   0       
   0       
   0       
   0       
   0       
   0       
   0       
   0       
   0       
   0       
   0       
   0       
   0       
   0       
   0       
   0       
   0       
   0       
   0       
   0       
   0       
   0       
   0       
   0       
   0       
   0       
   0       
   0       
   0       
   0       
   0       
   0       
   0       

EFC_FRICTIONLOSS
   0       
   0       
   0       
   0       
   0       
   0       
   0       
   0       
   0       
   0       
   0       
   0       
   0       
   0       
   0       
   0       
   0       
   0       
   0       
   0       
   0       
   0       
   0       
   0       
   0       
   0       
   0       
   0       
   0       
   0       
   0       
   0       
   0       
   0       
   0       
   0       
   0       
   0       
   0       
   0       

EFC_DIAGA
   0.048   
   0.048   
   0.048   
   2.2     
   2.2     
   2.2     
   13      
   13      
   0.96    
   0.96    
   0.96    
   0.96    
   0.96    
   0.96    
   0.96    
   0.96    
   0.96    
   0.96    
   0.96    
   0.96    
   0.96    
   0.96    
   0.96    
   0.96    
   0.96    
   0.96    
   0.96    
   0.96    
   0.96    
   0.96    
   0.96    
   0.96    
   0.96    
   0.96    
   0.96    
   0.96    
   0.96    
   0.96    
   0.96    
   0.96    

EFC_KBIP
   2.8e+03   1.1e+02   0.9       26      
   2.8e+03   1.1e+02   0.9       26      
   2.8e+03   1.1e+02   0.9       26      
   2.8e+03   1.1e+02   0.9       26      
   2.8e+03   1.1e+02   0.9       26      
   2.8e+03   1.1e+02   0.9       26      
   2.8e+03   1.1e+02   0.9      -2.7     
   2.8e+03   1.1e+02   0.9      -2.7     
   1.1e+04   2.1e+02   0.9      -30      
   1.1e+04   2.1e+02   0.9      -30      
   1.1e+04   2.1e+02   0.9      -30      
   1.1e+04   2.1e+02   0.9      -30      
   1.1e+04   2.1e+02   0.9      -10      
   1.1e+04   2.1e+02   0.9      -10      
   1.1e+04   2.1e+02   0.9      -10      
   1.1e+04   2.1e+02   0.9      -10      
   1.1e+04   2.1e+02   0.9      -30      
   1.1e+04   2.1e+02   0.9      -30      
   1.1e+04   2.1e+02   0.9      -30      
   1.1e+04   2.1e+02   0.9      -30      
   1.1e+04   2.1e+02   0.9      -10      
   1.1e+04   2.1e+02   0.9      -10      
   1.1e+04   2.1e+02   0.9      -10      
   1.1e+04   2.1e+02   0.9      -10      
   1.1e+04   2.1e+02   0.9      -30      
   1.1e+04   2.1e+02   0.9      -30      
   1.1e+04   2.1e+02   0.9      -30      
   1.1e+04   2.1e+02   0.9      -30      
   1.1e+04   2.1e+02   0.9      -10      
   1.1e+04   2.1e+02   0.9      -10      
   1.1e+04   2.1e+02   0.9      -10      
   1.1e+04   2.1e+02   0.9      -10      
   1.1e+04   2.1e+02   0.9      -30      
   1.1e+04   2.1e+02   0.9      -30      
   1.1e+04   2.1e+02   0.9      -30      
   1.1e+04   2.1e+02   0.9      -30      
   1.1e+04   2.1e+02   0.9      -10      
   1.1e+04   2.1e+02   0.9      -10      
   1.1e+04   2.1e+02   0.9      -10      
   1.1e+04   2.1e+02   0.9      -10      

EFC_D
   1.9e+02 
   1.9e+02 
   1.9e+02 
   4.3     
   4.3     
   4.3     
   0.71    
   0.71    
   9.6     
   9.6     
   9.6     
   9.6     
   9.4     
   9.4     
   9.4     
   9.4     
   9.6     
   9.6     
   9.6     
   9.6     
   9.4     
   9.4     
   9.4     
   9.4     
   9.6     
   9.6     
   9.6     
   9.6     
   9.4     
   9.4     
   9.4     
   9.4     
   9.6     
   9.6     
   9.6     
   9.6     
   9.4     
   9.4     
   9.4     
   9.4     

EFC_R
   0.0052  
   0.0052  
   0.0052  
   0.24    
   0.24    
   0.24    
   1.4     
   1.4     
   0.1     
   0.1     
   0.1     
   0.1     
   0.11    
   0.11    
   0.11    
   0.11    
   0.1     
   0.1     
   0.1     
   0.1     
   0.11    
   0.11    
   0.11    
   0.11    
   0.1     
   0.1     
   0.1     
   0.1     
   0.11    
   0.11    
   0.11    
   0.11    
   0.1     
   0.1     
   0.1     
   0.1     
   0.11    
   0.11    
   0.11    
   0.11    

ACTUATOR_VELOCITY
  -4.5e-17 
  -7e-18   
  -1.8e-09 
  -9.4e-12 
   1.7e-09 
   3.3e-17 
   9.6e-18 
  -2.5e-18 
  -1.8e-09 
  -9.4e-12 
   1.7e-09 
  -5.7e-17 

CVEL
   0         0         0         0         0         0       
   9e-18     1.1e-10   1.5e-17   8.5e-11  -2.8e-18  -1.3e-12 
   9e-18     1.1e-10   1.5e-17   8.5e-11  -2.8e-18  -1.3e-12 
   9e-18     1.1e-10   1.5e-17   8.5e-11  -2.8e-18  -1.3e-12 
   9e-18     1.1e-10   1.5e-17   8.5e-11  -2.8e-18  -1.3e-12 
   9e-18     1.1e-10   1.5e-17   8.5e-11  -2.8e-18  -1.3e-12 
   2e-18    -1.7e-09  -3e-17     1e-10    -3e-18     6.7e-12 
   2e-18    -1.7e-09  -3e-17     9.7e-11  -3e-18     6.8e-12 
   3.5e-17  -9.8e-12  -3e-17     1.3e-09  -2.6e-17  -4.8e-13 
   6.5e-18  -1.7e-09   2.5e-17   1e-10    -2.7e-18   6.7e-12 
   6.5e-18  -1.7e-09   2.5e-17   9.7e-11  -2.7e-18   6.8e-12 
  -5e-17    -9.8e-12   2.5e-17   1.3e-09   3.8e-17  -4.8e-13 

CDOF_DOT
   0         0         0         0         0         0       
   0         0         0         0         0         0       
   0         0         0         0         0         0       
   0         0         0        -9.9e-23  -8.6e-13   3.6e-18 
  -0         0         0         8.6e-13   1.3e-28   9.5e-11 
   0        -0         0        -3.6e-18  -9.5e-11  -9.9e-23 
   1.1e-10  -9e-18     2.9e-15   2.9e-16  -8.5e-11  -1.1e-11 
   2.9e-15  -3e-17    -1.1e-10  -1.1e-11  -1.3e-12  -2.9e-16 
   3e-17     8e-35     2e-18     8.6e-13   2.6e-19   8.6e-11 
   3e-17     8e-35     2e-18     7e-13    -1.1e-17   6.9e-10 
   3e-17     8e-35     2e-18     5.2e-13  -2.1e-17   1.3e-09 
  -3.7e-15  -3e-17     9.8e-12   9.8e-13  -9.6e-13   3.7e-16 
   1.1e-10  -9e-18     2.9e-15  -2.9e-16  -8.5e-11   1.1e-11 
   2.9e-15   2.5e-17  -1.1e-10   1.1e-11  -1.3e-12   2.9e-16 
  -2.5e-17  -1.9e-35   6.5e-18   8.6e-13  -1.8e-19   8.6e-11 
  -2.5e-17  -1.9e-35   6.5e-18   7e-13     8.9e-18   6.9e-10 
  -2.5e-17  -1.9e-35   6.5e-18   5.2e-13   1.8e-17   1.3e-09 
  -3.7e-15   2.5e-17   9.8e-12  -9.8e-13  -9.6e-13  -3.7e-16 

QFRC_BIAS
  -5.1e-21 
  -6.1e-26 
   3.7e+02 
  -2.2e-16 
  -1.7     
  -2.3e-18 
  -1.1e-18 
  -1.8e-15 
  -0.83    
  -0.83    
  -0.82    
  -2.2e-16 
  -1.2e-18 
   1.8e-15 
  -0.83    
  -0.83    
  -0.82    
   2.2e-16 

QFRC_SPRING
   0       
   0       
   0       
   0       
   0       
   0       
   0       
   0       
   0       
   0       
   0       
   0       
   0       
   0       
   0       
   0       
   0       
   0       

QFRC_DAMPER
   0       
   0       
   0       
   0       
   0       
   0       
   1.4e-16 
   2.1e-17 
   5.4e-09 
   2.8e-11 
  -5e-09   
  -9.8e-17 
  -2.9e-17 
   7.5e-18 
   5.4e-09 
   2.8e-11 
  -5e-09   
   1.7e-16 

QFRC_GRAVCOMP
   0       
   0       
   0       
   0       
   0       
   0       
   0       
   0       
   0       
   0       
   0       
   0       
   0       
   0       
   0       
   0       
   0       
   0       

QFRC_FLUID
   0       
   0       
   0       
   0       
   0       
   0       
   0       
   0       
   0       
   0       
   0       
   0       
   0       
   0       
   0       
   0       
   0       
   0       

QFRC_PASSIVE
   0       
   0       
   0       
   0       
   0       
   0       
   1.4e-16 
   2.1e-17 
   5.4e-09 
   2.8e-11 
  -5e-09   
  -9.8e-17 
  -2.9e-17 
   7.5e-18 
   5.4e-09 
   2.8e-11 
  -5e-09   
   1.7e-16 

EFC_VEL
   2e-12   
   4.2e-18 
  -8.6e-13 
   4.5e-18 
   5.3e-11 
   7.7e-18 
  -9.4e-12 
  -9.4e-12 
  -1.1e-12 
  -1.1e-12 
  -1.2e-09 
   1.2e-09 
   1.4e-12 
   1.4e-12 
  -1.2e-09 
   1.2e-09 
  -1.1e-12 
  -1.1e-12 
  -1.2e-09 
   1.2e-09 
   1.4e-12 
   1.4e-12 
  -1.2e-09 
   1.2e-09 
  -1.1e-12 
  -1.1e-12 
  -1.2e-09 
   1.2e-09 
   1.4e-12 
   1.4e-12 
  -1.2e-09 
   1.2e-09 
  -1.1e-12 
  -1.1e-12 
  -1.2e-09 
   1.2e-09 
   1.4e-12 
   1.4e-12 
  -1.2e-09 
   1.2e-09 

EFC_AREF
   1.8e-07 
  -1.4e-15 
   0.32    
   1.2e-15 
   0.034   
  -9.9e-16 
   0.033   
   0.033   
   1.5     
   1.5     
   1.5     
   1.5     
   0.51    
   0.51    
   0.51    
   0.51    
   1.5     
   1.5     
   1.5     
   1.5     
   0.51    
   0.51    
   0.51    
   0.51    
   1.5     
   1.5     
   1.5     
   1.5     
   0.51    
   0.51    
   0.51    
   0.51    
   1.5     
   1.5     
   1.5     
   1.5     
   0.51    
   0.51    
   0.51    
   0.51    

SUBTREE_LINVEL
   0         0         0       
   0         0         0       
   0         0         0       
   0         0         0       
   0         0         0       
   0         0         0       
   0         0         0       
   0         0         0       
   0         0         0       
   0         0         0       
   0         0         0       
   0         0         0       

SUBTREE_ANGMOM
   0         0         0       
   0         0         0       
   0         0         0       
   0         0         0       
   0         0         0       
   0         0         0       
   0         0         0       
   0         0         0       
   0         0         0       
   0         0         0       
   0         0         0       
   0         0         0       

ACTUATOR_FORCE
  -3.4e-16 
   1.6e-17 
   0.035   
   0.0019  
   0.012   
  -6e-16   
  -3.1e-16 
   6.7e-16 
   0.035   
   0.0019  
   0.012   
  -6.7e-16 

QFRC_ACTUATOR
   0       
   0       
   0       
   0       
   0       
   0       
  -3.4e-16 
   1.6e-17 
   0.035   
   0.0019  
   0.012   
  -6e-16   
  -3.1e-16 
   6.7e-16 
   0.035   
   0.0019  
   0.012   
  -6.7e-16 

QFRC_SMOOTH
   5.1e-21 
   6.1e-26 
  -3.7e+02 
   2.2e-16 
   1.7     
   2.3e-18 
  -2e-16   
   1.8e-15 
   0.87    
   0.83    
   0.84    
  -4.7e-16 
  -3.4e-16 
  -1.1e-15 
   0.87    
   0.83    
   0.84    
  -7.2e-16 

QACC_SMOOTH
   0.022   
  -2.3e-16 
  -9.8     
  -8.7e-16 
  -0.087   
   9.1e-16 
  -6.3e-15 
   3.1e-15 
   0.24    
  -0.25    
   0.41    
  -2.8e-14 
  -6.5e-15 
   1.4e-15 
   0.24    
  -0.25    
   0.41    
  -2.5e-14 

EFC_B
   0.098   
   4.5e-16 
  -10      
  -1.7e-15 
  -0.078   
   1.4e-15 
  -0.29    
  -0.29    
  -11      
  -11      
  -11      
  -11      
  -10      
  -10      
  -10      
  -10      
  -11      
  -11      
  -11      
  -11      
  -10      
  -10      
  -10      
  -10      
  -11      
  -11      
  -11      
  -11      
  -10      
  -10      
  -10      
  -10      
  -11      
  -11      
  -11      
  -11      
  -10      
  -10      
  -10      
  -10      

EFC_FORCE
   3.4e-05 
  -1.9e-13 
   61      
  -1e-14   
   0.14    
  -2.2e-15 
   0.024   
   0.024   
   14      
   14      
   14      
   14      
   4.8     
   4.8     
   4.8     
   4.8     
   14      
   14      
   14      
   14      
   4.8     
   4.8     
   4.8     
   4.8     
   14      
   14      
   14      
   14      
   4.8     
   4.8     
   4.8     
   4.8     
   14      
   14      
   14      
   14      
   4.8     
   4.8     
   4.8     
   4.8     

EFC_STATE
  1
  1
  1
  1
  1
  1
  1
  1
  1
  1
  1
  1
  1
  1
  1
  1
  1
  1
  1
  1
  1
  1
  1
  1
  1
  1
  1
  1
  1
  1
  1
  1
  1
  1
  1
  1
  1
  1
  1
  1

QFRC_CONSTRAINT
  -4.3e-10 
  -8.2e-14 
   3.7e+02 
   1.2e-13 
  -1.7     
  -2.4e-15 
   2.2e-15 
   6.7e-14 
  -0.87    
  -0.83    
  -0.84    
  -1.3e-14 
   5e-16   
  -3.9e-16 
  -0.87    
  -0.83    
  -0.84    
   1.6e-15 

QFRC_INVERSE
   0       
   0       
   0       
   0       
   0       
   0       
   0       
   0       
   0       
   0       
   0       
   0       
   0       
   0       
   0       
   0       
   0       
   0       

CACC
   0         0         0        -0        -0         9.8     
   7.3e-15  -3.9e-12  -9.6e-16  -2.2e-12  -6.2e-15   9.8     
   7.3e-15  -3.9e-12  -9.6e-16  -2.2e-12  -6.2e-15   9.8     
   7.3e-15  -3.9e-12  -9.6e-16  -2.2e-12  -6.2e-15   9.8     
   7.3e-15  -3.9e-12  -9.6e-16  -2.2e-12  -6.2e-15   9.8     
   7.3e-15  -3.9e-12  -9.6e-16  -2.2e-12  -6.2e-15   9.8     
   6.1e-14   5e-11     1.1e-14  -2.6e-12  -5.7e-15   9.8     
   6.1e-14   4.9e-11   1.1e-14  -2.8e-12  -5.7e-15   9.8     
  -5.7e-13  -8.9e-12   1.1e-14  -4.4e-11   4.4e-13   9.8     
   8.6e-15   5e-11    -6e-15    -2.6e-12  -6.2e-15   9.8     
   8.6e-15   4.9e-11  -6e-15    -2.8e-12  -6.2e-15   9.8     
   7.9e-15  -9.1e-12  -6e-15    -4.4e-11  -5.7e-15   9.8     

CFRC_INT
   2.8e-15  -0.072     4.6e-16   4.3e-16   1.4e-15  -2.8e-14 
   2.8e-15  -0.072     4.6e-16   4.3e-16   1.4e-15  -2.8e-14 
   5.7e-14   0.67      5.2e-16  -5.6e-11  -1.4e-13   1.5e+02 
   1.7e-14   0.11      1.1e-16  -1.2e-11  -2.7e-14   25      
   2.1       0.08      7.1e-13  -5.9e-12  -1.5e-14   18      
  -2.1       0.08     -7.1e-13  -5.9e-12  -1.5e-14   18      
  -7.3      -0.3      -1.7e-06   1.7e-05   8.7e-15  -73      
  -11       -0.47     -1.7e-06   1.7e-05  -9.9e-15  -1.1e+02 
  -14       -0.6      -1.7e-06   1.7e-05  -8.9e-14  -1.4e+02 
   7.3      -0.3       1.7e-06   1.7e-05  -1.8e-14  -73      
   11       -0.47      1.7e-06   1.7e-05   5.9e-16  -1.1e+02 
   14       -0.6       1.7e-06   1.7e-05   5.4e-15  -1.4e+02 

CFRC_EXT
   0         0         0         0         0         0       
  -1.6e-13   0.42     -1.3e-15   3.4e-05  -1.9e-13   61      
   0         0         0         0         0         0       
   0         0         0         0         0         0       
   0         0         0         0         0         0       
   0         0         0         0         0         0       
   0         0         0         0         0         0       
   0         0         0         0         0         0       
   15       -0.17      1.7e-06  -1.7e-05   1.1e-13   1.5e+02 
   0         0         0         0         0         0       
   0         0         0         0         0         0       
  -15       -0.17     -1.7e-06  -1.7e-05  -5.6e-15   1.5e+02 

TREE_ISLAND
  0

ISLAND_NTREE
  1

ISLAND_ITREEADR
  0

MAP_ITREE2TREE
  0

DOF_ISLAND            0 0 0 0 0 0 0 0 0 0 0 0 0 0 0 0 0 0

ISLAND_NV             18

ISLAND_IDOFADR        0

MAP_IDOF2DOF          0 1 2 3 4 5 6 7 8 9 10 11 12 13 14 15 16 17

EFC_ISLAND            0 0 0 0 0 0 0 0 0 0 0 0 0 0 0 0 0 0 0 0 0 0 0 0 0 0 0 0 0 0 0 0 0 0 0 0 0 0 0 0

ISLAND_NEFC           40

ISLAND_IEFCADR        0

MAP_IEFC2EFC          0 1 2 3 4 5 6 7 8 9 10 11 12 13 14 15 16 17 18 19 20 21 22 23 24 25 26 27 28 29 30 31 32 33 34 35 36 37 38 39

